0.0
76.7516123609
78.6400025432
103.370111734
35.584547208
59.2078542087
67.7463652162
59.7531589123
76.7516123609
0.0
36.3587678559
108.640922308
46.2122278191
55.6044962211
15.8145502623
91.318618036
78.6400025432
36.3587678559
0.0
73.9400432783
43.2019675478
29.7929521867
48.0210370567
67.0215636941
103.370111734
108.640922308
73.9400432783
0.0
84.5924346499
56.817690907
116.311865259
45.9184058957
35.584547208
46.2122278191
43.2019675478
84.5924346499
0.0
29.8363871808
42.8514877221
51.9355369665
59.2078542087
55.6044962211
29.7929521867
56.817690907
29.8363871808
0.0
60.483716817
37.6463809682
67.7463652162
15.8145502623
48.0210370567
116.311865259
42.8514877221
60.483716817
0.0
92.8890198032
59.7531589123
91.318618036
67.0215636941
45.9184058957
51.9355369665
37.6463809682
92.8890198032
0.0
