0.0
57.1795522618
30.1515479818
15.3134547896
34.0026680537
11.1011710346
67.5232603531
25.7931487557
122.820447738
0.0
43.4398003131
57.6703783552
105.178999853
72.7381796284
173.099671831
82.3224334973
149.848452018
136.560199687
0.0
64.6132802517
153.019769282
109.408031976
151.24670588
102.232085173
164.68654521
122.329621645
115.386719748
0.0
146.084507619
137.068313565
129.382987691
178.377677412
145.997331946
74.8210001469
26.9802307182
33.9154923806
0.0
16.5520964881
94.8191608395
62.102728969
168.898828965
107.261820372
70.5919680243
42.9316864346
163.447903512
0.0
122.166043928
96.5586844192
112.476739647
6.90032816928
28.7532941204
50.6170123093
85.1808391604
57.8339560717
0.0
72.5208675731
154.206851244
97.6775665027
77.7679148274
1.6223225875
117.897271031
83.4413155808
107.479132427
0.0
